77777
77777
77777
77777
77777
77777
77777
77777
77777
77777
77777
77777
77777
77777
77777
77777
77777
77777
77777
77777
77777
77777
77777
77777
77777
77777
77777
77777
77777
77777
77777
77777
77777
77777
77777
77777
77777
77777
77777
77777
77777
77777
77777
77777
77777
77777
77777
77777
77777
77777
77777
77777
77777
77777
77777
77777
77777
77777
77777
77777
77777
77777
77777
77777
77777
77777
77777
77777
77777
77777
77777
77777
77777
77777
77777
77777
77777
77777
77777
77777
77777
77777
77777
77777
77777
77777
77777
77777
77777
77777
77777
77777
77777
77777
77777
77777
77777
77777
77777
77777
77777
77777
77777
77777
77777
77777
77777
77777
77777
77777
77777
88888
99999
